0.000,0.000,0.000,-2.000,0.000,0.000,0.000,0.000,0.000,0.000,0.000,0.000,0.000
0.020,0.047,0.038,-1.976,2.356,1.884,1.178,-0.001,0.000,0.001,0.031,0.000,0.031
0.040,0.094,0.075,-1.953,2.353,1.876,1.177,-0.003,0.000,0.001,0.063,0.000,0.063
0.060,0.141,0.112,-1.929,2.349,1.861,1.174,-0.004,0.000,0.002,0.095,0.000,0.095
0.080,0.188,0.149,-1.906,2.342,1.839,1.171,-0.005,0.000,0.003,0.128,0.000,0.128
0.100,0.235,0.185,-1.883,2.333,1.810,1.166,-0.006,0.000,0.003,0.161,0.001,0.161
0.120,0.281,0.221,-1.859,2.321,1.773,1.161,-0.008,0.000,0.004,0.196,0.001,0.196
0.140,0.327,0.255,-1.836,2.307,1.730,1.154,-0.009,0.000,0.005,0.232,0.001,0.232
0.160,0.373,0.289,-1.813,2.291,1.679,1.145,-0.011,0.000,0.005,0.270,0.001,0.270
0.180,0.418,0.321,-1.791,2.273,1.622,1.136,-0.012,0.000,0.006,0.310,0.002,0.310
0.200,0.464,0.353,-1.768,2.252,1.559,1.126,-0.014,0.000,0.007,0.352,0.002,0.352
0.220,0.508,0.382,-1.746,2.229,1.489,1.115,-0.016,0.000,0.008,0.397,0.003,0.397
0.240,0.552,0.411,-1.724,2.204,1.414,1.102,-0.018,0.000,0.009,0.444,0.004,0.444
0.260,0.596,0.437,-1.702,2.177,1.333,1.088,-0.020,0.000,0.010,0.495,0.005,0.495
0.280,0.639,0.462,-1.681,2.147,1.246,1.074,-0.022,0.000,0.011,0.550,0.006,0.550
0.300,0.681,0.485,-1.660,2.116,1.155,1.058,-0.024,0.000,0.012,0.608,0.007,0.608
0.320,0.723,0.507,-1.639,2.082,1.059,1.041,-0.027,0.000,0.013,0.671,0.009,0.671
0.340,0.764,0.526,-1.618,2.047,0.959,1.023,-0.030,0.000,0.015,0.739,0.011,0.739
0.360,0.804,0.543,-1.598,2.009,0.856,1.004,-0.032,0.000,0.016,0.811,0.013,0.811
0.380,0.843,0.558,-1.578,1.969,0.748,0.985,-0.036,0.000,0.018,0.888,0.016,0.888
0.400,0.882,0.571,-1.559,1.928,0.638,0.964,-0.039,0.000,0.019,0.970,0.019,0.970
0.420,0.919,0.581,-1.540,1.884,0.526,0.942,-0.042,0.000,0.021,1.056,0.022,1.056
0.440,0.956,0.589,-1.522,1.839,0.411,0.919,-0.046,0.001,0.023,1.145,0.026,1.145
0.460,0.992,0.595,-1.504,1.792,0.295,0.896,-0.050,0.001,0.025,1.237,0.031,1.237
0.480,1.027,0.599,-1.487,1.743,0.177,0.871,-0.053,0.001,0.027,1.330,0.035,1.330
0.500,1.061,0.600,-1.470,1.692,0.059,0.846,-0.057,0.001,0.028,1.421,0.040,1.421
0.520,1.093,0.599,-1.453,1.640,-0.059,0.820,-0.060,0.001,0.030,1.507,0.045,1.507
0.540,1.125,0.595,-1.437,1.586,-0.177,0.793,-0.063,0.001,0.032,1.585,0.050,1.585
0.560,1.156,0.589,-1.422,1.530,-0.295,0.765,-0.066,0.001,0.033,1.653,0.055,1.653
0.580,1.185,0.581,-1.407,1.473,-0.411,0.737,-0.068,0.001,0.034,1.705,0.058,1.705
0.600,1.214,0.571,-1.393,1.415,-0.526,0.707,-0.070,0.001,0.035,1.741,0.061,1.741
0.620,1.241,0.558,-1.380,1.355,-0.638,0.677,-0.070,0.001,0.035,1.758,0.062,1.758
0.640,1.266,0.543,-1.367,1.294,-0.748,0.647,-0.070,0.001,0.035,1.756,0.062,1.756
0.660,1.291,0.526,-1.354,1.231,-0.856,0.616,-0.069,0.001,0.035,1.736,0.060,1.736
0.680,1.314,0.507,-1.343,1.167,-0.959,0.584,-0.068,0.001,0.034,1.699,0.058,1.699
0.700,1.337,0.485,-1.332,1.102,-1.059,0.551,-0.066,0.001,0.033,1.650,0.054,1.650
0.720,1.357,0.462,-1.321,1.037,-1.155,0.518,-0.064,0.001,0.032,1.590,0.051,1.590
0.740,1.377,0.437,-1.312,0.970,-1.246,0.485,-0.061,0.001,0.031,1.525,0.047,1.525
0.760,1.395,0.411,-1.303,0.902,-1.333,0.451,-0.058,0.001,0.029,1.457,0.042,1.457
0.780,1.411,0.382,-1.294,0.833,-1.414,0.416,-0.056,0.001,0.028,1.388,0.039,1.388
0.800,1.427,0.353,-1.287,0.763,-1.489,0.382,-0.053,0.001,0.026,1.322,0.035,1.322
0.820,1.440,0.321,-1.280,0.693,-1.559,0.346,-0.050,0.001,0.025,1.259,0.032,1.259
0.840,1.453,0.289,-1.274,0.622,-1.622,0.311,-0.048,0.001,0.024,1.202,0.029,1.202
0.860,1.464,0.255,-1.268,0.550,-1.679,0.275,-0.046,0.001,0.023,1.151,0.027,1.151
0.880,1.473,0.221,-1.263,0.478,-1.730,0.239,-0.044,0.000,0.022,1.106,0.024,1.106
0.900,1.482,0.185,-1.259,0.405,-1.773,0.203,-0.043,0.000,0.021,1.068,0.023,1.068
0.920,1.488,0.149,-1.256,0.332,-1.810,0.166,-0.041,0.000,0.021,1.037,0.022,1.037
0.940,1.493,0.112,-1.253,0.259,-1.839,0.129,-0.041,0.000,0.020,1.013,0.021,1.013
0.960,1.497,0.075,-1.251,0.185,-1.861,0.092,-0.040,0.000,0.020,0.996,0.020,0.996
0.980,1.499,0.038,-1.250,0.111,-1.876,0.055,-0.039,0.000,0.020,0.985,0.019,0.985
1.000,1.500,-0.000,-1.250,0.037,-1.884,0.019,-0.039,0.000,0.020,0.982,0.019,0.982
1.020,1.499,-0.038,-1.250,-0.037,-1.884,-0.019,-0.039,0.000,0.020,0.985,0.019,0.985
1.040,1.497,-0.075,-1.251,-0.111,-1.876,-0.055,-0.040,0.000,0.020,0.996,0.020,0.996
1.060,1.493,-0.112,-1.253,-0.185,-1.861,-0.092,-0.041,0.000,0.020,1.013,0.021,1.013
1.080,1.488,-0.149,-1.256,-0.259,-1.839,-0.129,-0.041,0.000,0.021,1.037,0.022,1.037
1.100,1.482,-0.185,-1.259,-0.332,-1.810,-0.166,-0.043,0.000,0.021,1.068,0.023,1.068
1.120,1.473,-0.221,-1.263,-0.405,-1.773,-0.203,-0.044,0.000,0.022,1.106,0.024,1.106
1.140,1.464,-0.255,-1.268,-0.478,-1.730,-0.239,-0.046,0.001,0.023,1.151,0.027,1.151
1.160,1.453,-0.289,-1.274,-0.550,-1.679,-0.275,-0.048,0.001,0.024,1.202,0.029,1.202
1.180,1.440,-0.321,-1.280,-0.622,-1.622,-0.311,-0.050,0.001,0.025,1.259,0.032,1.259
1.200,1.427,-0.353,-1.287,-0.693,-1.559,-0.346,-0.053,0.001,0.026,1.322,0.035,1.322
1.220,1.411,-0.382,-1.294,-0.763,-1.489,-0.382,-0.056,0.001,0.028,1.388,0.039,1.388
1.240,1.395,-0.411,-1.303,-0.833,-1.414,-0.416,-0.058,0.001,0.029,1.457,0.042,1.457
1.260,1.377,-0.437,-1.312,-0.902,-1.333,-0.451,-0.061,0.001,0.031,1.525,0.047,1.525
1.280,1.357,-0.462,-1.321,-0.970,-1.246,-0.485,-0.064,0.001,0.032,1.590,0.051,1.590
1.300,1.337,-0.485,-1.332,-1.037,-1.155,-0.518,-0.066,0.001,0.033,1.650,0.054,1.650
1.320,1.314,-0.507,-1.343,-1.102,-1.059,-0.551,-0.068,0.001,0.034,1.699,0.058,1.699
1.340,1.291,-0.526,-1.354,-1.167,-0.959,-0.584,-0.069,0.001,0.035,1.736,0.060,1.736
1.360,1.266,-0.543,-1.367,-1.231,-0.856,-0.616,-0.070,0.001,0.035,1.756,0.062,1.756
1.380,1.241,-0.558,-1.380,-1.294,-0.748,-0.647,-0.070,0.001,0.035,1.758,0.062,1.758
1.400,1.214,-0.571,-1.393,-1.355,-0.638,-0.677,-0.070,0.001,0.035,1.741,0.061,1.741
1.420,1.185,-0.581,-1.407,-1.415,-0.526,-0.707,-0.068,0.001,0.034,1.705,0.058,1.705
1.440,1.156,-0.589,-1.422,-1.473,-0.411,-0.737,-0.066,0.001,0.033,1.653,0.055,1.653
1.460,1.125,-0.595,-1.437,-1.530,-0.295,-0.765,-0.063,0.001,0.032,1.585,0.050,1.585
1.480,1.093,-0.599,-1.453,-1.586,-0.177,-0.793,-0.060,0.001,0.030,1.507,0.045,1.507
1.500,1.061,-0.600,-1.470,-1.640,-0.059,-0.820,-0.057,0.001,0.028,1.421,0.040,1.421
1.520,1.027,-0.599,-1.487,-1.692,0.059,-0.846,-0.053,0.001,0.027,1.330,0.035,1.330
1.540,0.992,-0.595,-1.504,-1.743,0.177,-0.871,-0.050,0.001,0.025,1.237,0.031,1.237
1.560,0.956,-0.589,-1.522,-1.792,0.295,-0.896,-0.046,0.001,0.023,1.145,0.026,1.145
1.580,0.919,-0.581,-1.540,-1.839,0.411,-0.919,-0.042,0.000,0.021,1.056,0.022,1.056
1.600,0.882,-0.571,-1.559,-1.884,0.526,-0.942,-0.039,0.000,0.019,0.970,0.019,0.970
1.620,0.843,-0.558,-1.578,-1.928,0.638,-0.964,-0.036,0.000,0.018,0.888,0.016,0.888
1.640,0.804,-0.543,-1.598,-1.969,0.748,-0.985,-0.032,0.000,0.016,0.811,0.013,0.811
1.660,0.764,-0.526,-1.618,-2.009,0.856,-1.004,-0.030,0.000,0.015,0.739,0.011,0.739
1.680,0.723,-0.507,-1.639,-2.047,0.959,-1.023,-0.027,0.000,0.013,0.671,0.009,0.671
1.700,0.681,-0.485,-1.660,-2.082,1.059,-1.041,-0.024,0.000,0.012,0.608,0.007,0.608
1.720,0.639,-0.462,-1.681,-2.116,1.155,-1.058,-0.022,0.000,0.011,0.550,0.006,0.550
1.740,0.596,-0.437,-1.702,-2.147,1.246,-1.074,-0.020,0.000,0.010,0.495,0.005,0.495
1.760,0.552,-0.411,-1.724,-2.177,1.333,-1.088,-0.018,0.000,0.009,0.444,0.004,0.444
1.780,0.508,-0.382,-1.746,-2.204,1.414,-1.102,-0.016,0.000,0.008,0.397,0.003,0.397
1.800,0.464,-0.353,-1.768,-2.229,1.489,-1.115,-0.014,0.000,0.007,0.352,0.002,0.352
1.820,0.418,-0.321,-1.791,-2.252,1.559,-1.126,-0.012,0.000,0.006,0.310,0.002,0.310
1.840,0.373,-0.289,-1.813,-2.273,1.622,-1.136,-0.011,0.000,0.005,0.270,0.001,0.270
1.860,0.327,-0.255,-1.836,-2.291,1.679,-1.145,-0.009,0.000,0.005,0.232,0.001,0.232
1.880,0.281,-0.221,-1.859,-2.307,1.730,-1.154,-0.008,0.000,0.004,0.196,0.001,0.196
1.900,0.235,-0.185,-1.883,-2.321,1.773,-1.161,-0.006,0.000,0.003,0.161,0.001,0.161
1.920,0.188,-0.149,-1.906,-2.333,1.810,-1.166,-0.005,0.000,0.003,0.128,0.000,0.128
1.940,0.141,-0.112,-1.929,-2.342,1.839,-1.171,-0.004,0.000,0.002,0.095,0.000,0.095
1.960,0.094,-0.075,-1.953,-2.349,1.861,-1.174,-0.003,0.000,0.001,0.063,0.000,0.063
1.980,0.047,-0.038,-1.976,-2.353,1.876,-1.177,-0.001,0.000,0.001,0.031,0.000,0.031
2.000,-0.000,0.000,-2.000,-2.356,1.884,-1.178,-0.000,0.000,0.000,0.000,0.000,0.000
2.020,-0.047,0.038,-2.024,-2.356,1.884,-1.178,0.001,0.000,-0.001,-0.031,0.000,-0.031
2.040,-0.094,0.075,-2.047,-2.353,1.876,-1.177,0.003,0.000,-0.001,-0.063,0.000,-0.063
2.060,-0.141,0.112,-2.071,-2.349,1.861,-1.174,0.004,0.000,-0.002,-0.095,0.000,-0.095
2.080,-0.188,0.149,-2.094,-2.342,1.839,-1.171,0.005,0.000,-0.003,-0.128,0.000,-0.128
2.100,-0.235,0.185,-2.117,-2.333,1.810,-1.166,0.006,0.000,-0.003,-0.161,0.001,-0.161
2.120,-0.281,0.221,-2.141,-2.321,1.773,-1.161,0.008,0.000,-0.004,-0.196,0.001,-0.196
2.140,-0.327,0.255,-2.164,-2.307,1.730,-1.154,0.009,0.000,-0.005,-0.232,0.001,-0.232
2.160,-0.373,0.289,-2.187,-2.291,1.679,-1.145,0.011,0.000,-0.005,-0.270,0.001,-0.270
2.180,-0.418,0.321,-2.209,-2.273,1.622,-1.136,0.012,0.000,-0.006,-0.310,0.002,-0.310
2.200,-0.464,0.353,-2.232,-2.252,1.559,-1.126,0.014,0.000,-0.007,-0.352,0.002,-0.352
2.220,-0.508,0.382,-2.254,-2.229,1.489,-1.115,0.016,0.000,-0.008,-0.397,0.003,-0.397
2.240,-0.552,0.411,-2.276,-2.204,1.414,-1.102,0.018,0.000,-0.009,-0.444,0.004,-0.444
2.260,-0.596,0.437,-2.298,-2.177,1.333,-1.088,0.020,0.000,-0.010,-0.495,0.005,-0.495
2.280,-0.639,0.462,-2.319,-2.147,1.246,-1.074,0.022,0.000,-0.011,-0.550,0.006,-0.550
2.300,-0.681,0.485,-2.340,-2.116,1.155,-1.058,0.024,0.000,-0.012,-0.608,0.007,-0.608
2.320,-0.723,0.507,-2.361,-2.082,1.059,-1.041,0.027,0.000,-0.013,-0.671,0.009,-0.671
2.340,-0.764,0.526,-2.382,-2.047,0.959,-1.023,0.030,0.000,-0.015,-0.739,0.011,-0.739
2.360,-0.804,0.543,-2.402,-2.009,0.856,-1.004,0.032,0.000,-0.016,-0.811,0.013,-0.811
2.380,-0.843,0.558,-2.422,-1.969,0.748,-0.985,0.036,0.000,-0.018,-0.888,0.016,-0.888
2.400,-0.882,0.571,-2.441,-1.928,0.638,-0.964,0.039,0.000,-0.019,-0.970,0.019,-0.970
2.420,-0.919,0.581,-2.460,-1.884,0.526,-0.942,0.042,0.000,-0.021,-1.056,0.022,-1.056
2.440,-0.956,0.589,-2.478,-1.839,0.411,-0.919,0.046,0.001,-0.023,-1.145,0.026,-1.145
2.460,-0.992,0.595,-2.496,-1.792,0.295,-0.896,0.050,0.001,-0.025,-1.237,0.031,-1.237
2.480,-1.027,0.599,-2.513,-1.743,0.177,-0.871,0.053,0.001,-0.027,-1.330,0.035,-1.330
2.500,-1.061,0.600,-2.530,-1.692,0.059,-0.846,0.057,0.001,-0.028,-1.421,0.040,-1.421
2.520,-1.093,0.599,-2.547,-1.640,-0.059,-0.820,0.060,0.001,-0.030,-1.507,0.045,-1.507
2.540,-1.125,0.595,-2.563,-1.586,-0.177,-0.793,0.063,0.001,-0.032,-1.585,0.050,-1.585
2.560,-1.156,0.589,-2.578,-1.530,-0.295,-0.765,0.066,0.001,-0.033,-1.653,0.055,-1.653
2.580,-1.185,0.581,-2.593,-1.473,-0.411,-0.737,0.068,0.001,-0.034,-1.705,0.058,-1.705
2.600,-1.214,0.571,-2.607,-1.415,-0.526,-0.707,0.070,0.001,-0.035,-1.741,0.061,-1.741
2.620,-1.241,0.558,-2.620,-1.355,-0.638,-0.677,0.070,0.001,-0.035,-1.758,0.062,-1.758
2.640,-1.266,0.543,-2.633,-1.294,-0.748,-0.647,0.070,0.001,-0.035,-1.756,0.062,-1.756
2.660,-1.291,0.526,-2.646,-1.231,-0.856,-0.616,0.069,0.001,-0.035,-1.736,0.060,-1.736
2.680,-1.314,0.507,-2.657,-1.167,-0.959,-0.584,0.068,0.001,-0.034,-1.699,0.058,-1.699
2.700,-1.337,0.485,-2.668,-1.102,-1.059,-0.551,0.066,0.001,-0.033,-1.650,0.054,-1.650
2.720,-1.357,0.462,-2.679,-1.037,-1.155,-0.518,0.064,0.001,-0.032,-1.590,0.051,-1.590
2.740,-1.377,0.437,-2.688,-0.970,-1.246,-0.485,0.061,0.001,-0.031,-1.525,0.047,-1.525
2.760,-1.395,0.411,-2.697,-0.902,-1.333,-0.451,0.058,0.001,-0.029,-1.457,0.042,-1.457
2.780,-1.411,0.382,-2.706,-0.833,-1.414,-0.416,0.056,0.001,-0.028,-1.388,0.039,-1.388
2.800,-1.427,0.353,-2.713,-0.763,-1.489,-0.382,0.053,0.001,-0.026,-1.322,0.035,-1.322
2.820,-1.440,0.321,-2.720,-0.693,-1.559,-0.346,0.050,0.001,-0.025,-1.259,0.032,-1.259
2.840,-1.453,0.289,-2.726,-0.622,-1.622,-0.311,0.048,0.001,-0.024,-1.202,0.029,-1.202
2.860,-1.464,0.255,-2.732,-0.550,-1.679,-0.275,0.046,0.001,-0.023,-1.151,0.027,-1.151
2.880,-1.473,0.221,-2.737,-0.478,-1.730,-0.239,0.044,0.000,-0.022,-1.106,0.024,-1.106
2.900,-1.482,0.185,-2.741,-0.405,-1.773,-0.203,0.043,0.000,-0.021,-1.068,0.023,-1.068
2.920,-1.488,0.149,-2.744,-0.332,-1.810,-0.166,0.041,0.000,-0.021,-1.037,0.022,-1.037
2.940,-1.493,0.112,-2.747,-0.259,-1.839,-0.129,0.041,0.000,-0.020,-1.013,0.021,-1.013
2.960,-1.497,0.075,-2.749,-0.185,-1.861,-0.092,0.040,0.000,-0.020,-0.996,0.020,-0.996
2.980,-1.499,0.038,-2.750,-0.111,-1.876,-0.055,0.039,0.000,-0.020,-0.985,0.019,-0.985
3.000,-1.500,-0.000,-2.750,-0.037,-1.884,-0.019,0.039,0.000,-0.020,-0.982,0.019,-0.982
3.020,-1.499,-0.038,-2.750,0.037,-1.884,0.019,0.039,0.000,-0.020,-0.985,0.019,-0.985
3.040,-1.497,-0.075,-2.749,0.111,-1.876,0.055,0.040,0.000,-0.020,-0.996,0.020,-0.996
3.060,-1.493,-0.112,-2.747,0.185,-1.861,0.092,0.041,0.000,-0.020,-1.013,0.021,-1.013
3.080,-1.488,-0.149,-2.744,0.259,-1.839,0.129,0.041,0.000,-0.021,-1.037,0.022,-1.037
3.100,-1.482,-0.185,-2.741,0.332,-1.810,0.166,0.043,0.000,-0.021,-1.068,0.023,-1.068
3.120,-1.473,-0.221,-2.737,0.405,-1.773,0.203,0.044,0.000,-0.022,-1.106,0.024,-1.106
3.140,-1.464,-0.255,-2.732,0.478,-1.730,0.239,0.046,0.001,-0.023,-1.151,0.027,-1.151
3.160,-1.453,-0.289,-2.726,0.550,-1.679,0.275,0.048,0.001,-0.024,-1.202,0.029,-1.202
3.180,-1.440,-0.321,-2.720,0.622,-1.622,0.311,0.050,0.001,-0.025,-1.259,0.032,-1.259
3.200,-1.427,-0.353,-2.713,0.693,-1.559,0.346,0.053,0.001,-0.026,-1.322,0.035,-1.322
3.220,-1.411,-0.382,-2.706,0.763,-1.489,0.382,0.056,0.001,-0.028,-1.388,0.039,-1.388
3.240,-1.395,-0.411,-2.697,0.833,-1.414,0.416,0.058,0.001,-0.029,-1.457,0.042,-1.457
3.260,-1.377,-0.437,-2.688,0.902,-1.333,0.451,0.061,0.001,-0.031,-1.525,0.047,-1.525
3.280,-1.357,-0.462,-2.679,0.970,-1.246,0.485,0.064,0.001,-0.032,-1.590,0.051,-1.590
3.300,-1.337,-0.485,-2.668,1.037,-1.155,0.518,0.066,0.001,-0.033,-1.650,0.054,-1.650
3.320,-1.314,-0.507,-2.657,1.102,-1.059,0.551,0.068,0.001,-0.034,-1.699,0.058,-1.699
3.340,-1.291,-0.526,-2.646,1.167,-0.959,0.584,0.069,0.001,-0.035,-1.736,0.060,-1.736
3.360,-1.266,-0.543,-2.633,1.231,-0.856,0.616,0.070,0.001,-0.035,-1.756,0.062,-1.756
3.380,-1.241,-0.558,-2.620,1.294,-0.748,0.647,0.070,0.001,-0.035,-1.758,0.062,-1.758
3.400,-1.214,-0.571,-2.607,1.355,-0.638,0.677,0.070,0.001,-0.035,-1.741,0.061,-1.741
3.420,-1.185,-0.581,-2.593,1.415,-0.526,0.707,0.068,0.001,-0.034,-1.705,0.058,-1.705
3.440,-1.156,-0.589,-2.578,1.473,-0.411,0.737,0.066,0.001,-0.033,-1.653,0.055,-1.653
3.460,-1.125,-0.595,-2.563,1.530,-0.295,0.765,0.063,0.001,-0.032,-1.585,0.050,-1.585
3.480,-1.093,-0.599,-2.547,1.586,-0.177,0.793,0.060,0.001,-0.030,-1.507,0.045,-1.507
3.500,-1.061,-0.600,-2.530,1.640,-0.059,0.820,0.057,0.001,-0.028,-1.421,0.040,-1.421
3.520,-1.027,-0.599,-2.513,1.692,0.059,0.846,0.053,0.001,-0.027,-1.330,0.035,-1.330
3.540,-0.992,-0.595,-2.496,1.743,0.177,0.871,0.050,0.001,-0.025,-1.237,0.031,-1.237
3.560,-0.956,-0.589,-2.478,1.792,0.295,0.896,0.046,0.001,-0.023,-1.145,0.026,-1.145
3.580,-0.919,-0.581,-2.460,1.839,0.411,0.919,0.042,0.000,-0.021,-1.056,0.022,-1.056
3.600,-0.882,-0.571,-2.441,1.884,0.526,0.942,0.039,0.000,-0.019,-0.970,0.019,-0.970
3.620,-0.843,-0.558,-2.422,1.928,0.638,0.964,0.036,0.000,-0.018,-0.888,0.016,-0.888
3.640,-0.804,-0.543,-2.402,1.969,0.748,0.985,0.032,0.000,-0.016,-0.811,0.013,-0.811
3.660,-0.764,-0.526,-2.382,2.009,0.856,1.004,0.030,0.000,-0.015,-0.739,0.011,-0.739
3.680,-0.723,-0.507,-2.361,2.047,0.959,1.023,0.027,0.000,-0.013,-0.671,0.009,-0.671
3.700,-0.681,-0.485,-2.340,2.082,1.059,1.041,0.024,0.000,-0.012,-0.608,0.007,-0.608
3.720,-0.639,-0.462,-2.319,2.116,1.155,1.058,0.022,0.000,-0.011,-0.550,0.006,-0.550
3.740,-0.596,-0.437,-2.298,2.147,1.246,1.074,0.020,0.000,-0.010,-0.495,0.005,-0.495
3.760,-0.552,-0.411,-2.276,2.177,1.333,1.088,0.018,0.000,-0.009,-0.444,0.004,-0.444
3.780,-0.508,-0.382,-2.254,2.204,1.414,1.102,0.016,0.000,-0.008,-0.397,0.003,-0.397
3.800,-0.464,-0.353,-2.232,2.229,1.489,1.115,0.014,0.000,-0.007,-0.352,0.002,-0.352
3.820,-0.418,-0.321,-2.209,2.252,1.559,1.126,0.012,0.000,-0.006,-0.310,0.002,-0.310
3.840,-0.373,-0.289,-2.187,2.273,1.622,1.136,0.011,0.000,-0.005,-0.270,0.001,-0.270
3.860,-0.327,-0.255,-2.164,2.291,1.679,1.145,0.009,0.000,-0.005,-0.232,0.001,-0.232
3.880,-0.281,-0.221,-2.141,2.307,1.730,1.154,0.008,0.000,-0.004,-0.196,0.001,-0.196
3.900,-0.235,-0.185,-2.117,2.321,1.773,1.161,0.006,0.000,-0.003,-0.161,0.001,-0.161
3.920,-0.188,-0.149,-2.094,2.333,1.810,1.166,0.005,0.000,-0.003,-0.128,0.000,-0.128
3.940,-0.141,-0.112,-2.071,2.342,1.839,1.171,0.004,0.000,-0.002,-0.095,0.000,-0.095
3.960,-0.094,-0.075,-2.047,2.349,1.861,1.174,0.003,0.000,-0.001,-0.063,0.000,-0.063
3.980,-0.047,-0.038,-2.024,2.353,1.876,1.177,0.001,0.000,-0.001,-0.031,0.000,-0.031
4.000,0.000,0.000,-2.000,2.356,1.884,1.178,-0.000,0.000,0.000,0.000,0.000,0.000
4.020,0.047,0.038,-1.976,2.356,1.884,1.178,-0.001,0.000,0.001,0.031,0.000,0.031
4.040,0.094,0.075,-1.953,2.353,1.876,1.177,-0.003,0.000,0.001,0.063,0.000,0.063
4.060,0.141,0.112,-1.929,2.349,1.861,1.174,-0.004,0.000,0.002,0.095,0.000,0.095
4.080,0.188,0.149,-1.906,2.342,1.839,1.171,-0.005,0.000,0.003,0.128,0.000,0.128
4.100,0.235,0.185,-1.883,2.333,1.810,1.166,-0.006,0.000,0.003,0.161,0.001,0.161
4.120,0.281,0.221,-1.859,2.321,1.773,1.161,-0.008,0.000,0.004,0.196,0.001,0.196
4.140,0.327,0.255,-1.836,2.307,1.730,1.154,-0.009,0.000,0.005,0.232,0.001,0.232
4.160,0.373,0.289,-1.813,2.291,1.679,1.145,-0.011,0.000,0.005,0.270,0.001,0.270
4.180,0.418,0.321,-1.791,2.273,1.622,1.136,-0.012,0.000,0.006,0.310,0.002,0.310
4.200,0.464,0.353,-1.768,2.252,1.559,1.126,-0.014,0.000,0.007,0.352,0.002,0.352
4.220,0.508,0.382,-1.746,2.229,1.489,1.115,-0.016,0.000,0.008,0.397,0.003,0.397
4.240,0.552,0.411,-1.724,2.204,1.414,1.102,-0.018,0.000,0.009,0.444,0.004,0.444
4.260,0.596,0.437,-1.702,2.177,1.333,1.088,-0.020,0.000,0.010,0.495,0.005,0.495
4.280,0.639,0.462,-1.681,2.147,1.246,1.074,-0.022,0.000,0.011,0.550,0.006,0.550
4.300,0.681,0.485,-1.660,2.116,1.155,1.058,-0.024,0.000,0.012,0.608,0.007,0.608
4.320,0.723,0.507,-1.639,2.082,1.059,1.041,-0.027,0.000,0.013,0.671,0.009,0.671
4.340,0.764,0.526,-1.618,2.047,0.959,1.023,-0.030,0.000,0.015,0.739,0.011,0.739
4.360,0.804,0.543,-1.598,2.009,0.856,1.004,-0.032,0.000,0.016,0.811,0.013,0.811
4.380,0.843,0.558,-1.578,1.969,0.748,0.985,-0.036,0.000,0.018,0.888,0.016,0.888
4.400,0.882,0.571,-1.559,1.928,0.638,0.964,-0.039,0.000,0.019,0.970,0.019,0.970
4.420,0.919,0.581,-1.540,1.884,0.526,0.942,-0.042,0.000,0.021,1.056,0.022,1.056
4.440,0.956,0.589,-1.522,1.839,0.411,0.919,-0.046,0.001,0.023,1.145,0.026,1.145
4.460,0.992,0.595,-1.504,1.792,0.295,0.896,-0.050,0.001,0.025,1.237,0.031,1.237
4.480,1.027,0.599,-1.487,1.743,0.177,0.871,-0.053,0.001,0.027,1.330,0.035,1.330
4.500,1.061,0.600,-1.470,1.692,0.059,0.846,-0.057,0.001,0.028,1.421,0.040,1.421
4.520,1.093,0.599,-1.453,1.640,-0.059,0.820,-0.060,0.001,0.030,1.507,0.045,1.507
4.540,1.125,0.595,-1.437,1.586,-0.177,0.793,-0.063,0.001,0.032,1.585,0.050,1.585
4.560,1.156,0.589,-1.422,1.530,-0.295,0.765,-0.066,0.001,0.033,1.653,0.055,1.653
4.580,1.185,0.581,-1.407,1.473,-0.411,0.737,-0.068,0.001,0.034,1.705,0.058,1.705
4.600,1.214,0.571,-1.393,1.415,-0.526,0.707,-0.070,0.001,0.035,1.741,0.061,1.741
4.620,1.241,0.558,-1.380,1.355,-0.638,0.677,-0.070,0.001,0.035,1.758,0.062,1.758
4.640,1.266,0.543,-1.367,1.294,-0.748,0.647,-0.070,0.001,0.035,1.756,0.062,1.756
4.660,1.291,0.526,-1.354,1.231,-0.856,0.616,-0.069,0.001,0.035,1.736,0.060,1.736
4.680,1.314,0.507,-1.343,1.167,-0.959,0.584,-0.068,0.001,0.034,1.699,0.058,1.699
4.700,1.337,0.485,-1.332,1.102,-1.059,0.551,-0.066,0.001,0.033,1.650,0.054,1.650
4.720,1.357,0.462,-1.321,1.037,-1.155,0.518,-0.064,0.001,0.032,1.590,0.051,1.590
4.740,1.377,0.437,-1.312,0.970,-1.246,0.485,-0.061,0.001,0.031,1.525,0.047,1.525
4.760,1.395,0.411,-1.303,0.902,-1.333,0.451,-0.058,0.001,0.029,1.457,0.042,1.457
4.780,1.411,0.382,-1.294,0.833,-1.414,0.416,-0.056,0.001,0.028,1.388,0.039,1.388
4.800,1.427,0.353,-1.287,0.763,-1.489,0.382,-0.053,0.001,0.026,1.322,0.035,1.322
4.820,1.440,0.321,-1.280,0.693,-1.559,0.346,-0.050,0.001,0.025,1.259,0.032,1.259
4.840,1.453,0.289,-1.274,0.622,-1.622,0.311,-0.048,0.001,0.024,1.202,0.029,1.202
4.860,1.464,0.255,-1.268,0.550,-1.679,0.275,-0.046,0.001,0.023,1.151,0.027,1.151
4.880,1.473,0.221,-1.263,0.478,-1.730,0.239,-0.044,0.000,0.022,1.106,0.024,1.106
4.900,1.482,0.185,-1.259,0.405,-1.773,0.203,-0.043,0.000,0.021,1.068,0.023,1.068
4.920,1.488,0.149,-1.256,0.332,-1.810,0.166,-0.041,0.000,0.021,1.037,0.022,1.037
4.940,1.493,0.112,-1.253,0.259,-1.839,0.129,-0.041,0.000,0.020,1.013,0.021,1.013
4.960,1.497,0.075,-1.251,0.185,-1.861,0.092,-0.040,0.000,0.020,0.996,0.020,0.996
4.980,1.499,0.038,-1.250,0.111,-1.876,0.055,-0.039,0.000,0.020,0.985,0.019,0.985
5.000,1.500,0.000,-1.250,0.037,-1.884,0.019,-0.039,0.000,0.020,0.982,0.019,0.982
5.020,1.499,-0.038,-1.250,-0.037,-1.884,-0.019,-0.039,0.000,0.020,0.985,0.019,0.985
5.040,1.497,-0.075,-1.251,-0.111,-1.876,-0.055,-0.040,0.000,0.020,0.996,0.020,0.996
5.060,1.493,-0.112,-1.253,-0.185,-1.861,-0.092,-0.041,0.000,0.020,1.013,0.021,1.013
5.080,1.488,-0.149,-1.256,-0.259,-1.839,-0.129,-0.041,0.000,0.021,1.037,0.022,1.037
5.100,1.482,-0.185,-1.259,-0.332,-1.810,-0.166,-0.043,0.000,0.021,1.068,0.023,1.068
5.120,1.473,-0.221,-1.263,-0.405,-1.773,-0.203,-0.044,0.000,0.022,1.106,0.024,1.106
5.140,1.464,-0.255,-1.268,-0.478,-1.730,-0.239,-0.046,0.001,0.023,1.151,0.027,1.151
5.160,1.453,-0.289,-1.274,-0.550,-1.679,-0.275,-0.048,0.001,0.024,1.202,0.029,1.202
5.180,1.440,-0.321,-1.280,-0.622,-1.622,-0.311,-0.050,0.001,0.025,1.259,0.032,1.259
5.200,1.427,-0.353,-1.287,-0.693,-1.559,-0.346,-0.053,0.001,0.026,1.322,0.035,1.322
5.220,1.411,-0.382,-1.294,-0.763,-1.489,-0.382,-0.056,0.001,0.028,1.388,0.039,1.388
5.240,1.395,-0.411,-1.303,-0.833,-1.414,-0.416,-0.058,0.001,0.029,1.457,0.042,1.457
5.260,1.377,-0.437,-1.312,-0.902,-1.333,-0.451,-0.061,0.001,0.031,1.525,0.047,1.525
5.280,1.357,-0.462,-1.321,-0.970,-1.246,-0.485,-0.064,0.001,0.032,1.590,0.051,1.590
5.300,1.337,-0.485,-1.332,-1.037,-1.155,-0.518,-0.066,0.001,0.033,1.650,0.054,1.650
5.320,1.314,-0.507,-1.343,-1.102,-1.059,-0.551,-0.068,0.001,0.034,1.699,0.058,1.699
5.340,1.291,-0.526,-1.354,-1.167,-0.959,-0.584,-0.069,0.001,0.035,1.736,0.060,1.736
5.360,1.266,-0.543,-1.367,-1.231,-0.856,-0.616,-0.070,0.001,0.035,1.756,0.062,1.756
5.380,1.241,-0.558,-1.380,-1.294,-0.748,-0.647,-0.070,0.001,0.035,1.758,0.062,1.758
5.400,1.214,-0.571,-1.393,-1.355,-0.638,-0.677,-0.070,0.001,0.035,1.741,0.061,1.741
5.420,1.185,-0.581,-1.407,-1.415,-0.526,-0.707,-0.068,0.001,0.034,1.705,0.058,1.705
5.440,1.156,-0.589,-1.422,-1.473,-0.411,-0.737,-0.066,0.001,0.033,1.653,0.055,1.653
5.460,1.125,-0.595,-1.437,-1.530,-0.295,-0.765,-0.063,0.001,0.032,1.585,0.050,1.585
5.480,1.093,-0.599,-1.453,-1.586,-0.177,-0.793,-0.060,0.001,0.030,1.507,0.045,1.507
5.500,1.061,-0.600,-1.470,-1.640,-0.059,-0.820,-0.057,0.001,0.028,1.421,0.040,1.421
5.520,1.027,-0.599,-1.487,-1.692,0.059,-0.846,-0.053,0.001,0.027,1.330,0.035,1.330
5.540,0.992,-0.595,-1.504,-1.743,0.177,-0.871,-0.050,0.001,0.025,1.237,0.031,1.237
5.560,0.956,-0.589,-1.522,-1.792,0.295,-0.896,-0.046,0.001,0.023,1.145,0.026,1.145
5.580,0.919,-0.581,-1.540,-1.839,0.411,-0.919,-0.042,0.000,0.021,1.056,0.022,1.056
5.600,0.882,-0.571,-1.559,-1.884,0.526,-0.942,-0.039,0.000,0.019,0.970,0.019,0.970
5.620,0.843,-0.558,-1.578,-1.928,0.638,-0.964,-0.036,0.000,0.018,0.888,0.016,0.888
5.640,0.804,-0.543,-1.598,-1.969,0.748,-0.985,-0.032,0.000,0.016,0.811,0.013,0.811
5.660,0.764,-0.526,-1.618,-2.009,0.856,-1.004,-0.030,0.000,0.015,0.739,0.011,0.739
5.680,0.723,-0.507,-1.639,-2.047,0.959,-1.023,-0.027,0.000,0.013,0.671,0.009,0.671
5.700,0.681,-0.485,-1.660,-2.082,1.059,-1.041,-0.024,0.000,0.012,0.608,0.007,0.608
5.720,0.639,-0.462,-1.681,-2.116,1.155,-1.058,-0.022,0.000,0.011,0.550,0.006,0.550
5.740,0.596,-0.437,-1.702,-2.147,1.246,-1.074,-0.020,0.000,0.010,0.495,0.005,0.495
5.760,0.552,-0.411,-1.724,-2.177,1.333,-1.088,-0.018,0.000,0.009,0.444,0.004,0.444
5.780,0.508,-0.382,-1.746,-2.204,1.414,-1.102,-0.016,0.000,0.008,0.397,0.003,0.397
5.800,0.464,-0.353,-1.768,-2.229,1.489,-1.115,-0.014,0.000,0.007,0.352,0.002,0.352
5.820,0.418,-0.321,-1.791,-2.252,1.559,-1.126,-0.012,0.000,0.006,0.310,0.002,0.310
5.840,0.373,-0.289,-1.813,-2.273,1.622,-1.136,-0.011,0.000,0.005,0.270,0.001,0.270
5.860,0.327,-0.255,-1.836,-2.291,1.679,-1.145,-0.009,0.000,0.005,0.232,0.001,0.232
5.880,0.281,-0.221,-1.859,-2.307,1.730,-1.154,-0.008,0.000,0.004,0.196,0.001,0.196
5.900,0.235,-0.185,-1.883,-2.321,1.773,-1.161,-0.006,0.000,0.003,0.161,0.001,0.161
5.920,0.188,-0.149,-1.906,-2.333,1.810,-1.166,-0.005,0.000,0.003,0.128,0.000,0.128
5.940,0.141,-0.112,-1.929,-2.342,1.839,-1.171,-0.004,0.000,0.002,0.095,0.000,0.095
5.960,0.094,-0.075,-1.953,-2.349,1.861,-1.174,-0.003,0.000,0.001,0.063,0.000,0.063
5.980,0.047,-0.038,-1.976,-2.353,1.876,-1.177,-0.001,0.000,0.001,0.031,0.000,0.031
6.000,0.000,-0.000,-2.000,-2.356,1.884,-1.178,-0.000,0.000,0.000,0.000,0.000,0.000
6.020,-0.047,0.038,-2.024,-2.356,1.884,-1.178,0.001,0.000,-0.001,-0.031,0.000,-0.031
6.040,-0.094,0.075,-2.047,-2.353,1.876,-1.177,0.003,0.000,-0.001,-0.063,0.000,-0.063
6.060,-0.141,0.112,-2.071,-2.349,1.861,-1.174,0.004,0.000,-0.002,-0.095,0.000,-0.095
6.080,-0.188,0.149,-2.094,-2.342,1.839,-1.171,0.005,0.000,-0.003,-0.128,0.000,-0.128
6.100,-0.235,0.185,-2.117,-2.333,1.810,-1.166,0.006,0.000,-0.003,-0.161,0.001,-0.161
6.120,-0.281,0.221,-2.141,-2.321,1.773,-1.161,0.008,0.000,-0.004,-0.196,0.001,-0.196
6.140,-0.327,0.255,-2.164,-2.307,1.730,-1.154,0.009,0.000,-0.005,-0.232,0.001,-0.232
6.160,-0.373,0.289,-2.187,-2.291,1.679,-1.145,0.011,0.000,-0.005,-0.270,0.001,-0.270
6.180,-0.418,0.321,-2.209,-2.273,1.622,-1.136,0.012,0.000,-0.006,-0.310,0.002,-0.310
6.200,-0.464,0.353,-2.232,-2.252,1.559,-1.126,0.014,0.000,-0.007,-0.352,0.002,-0.352
6.220,-0.508,0.382,-2.254,-2.229,1.489,-1.115,0.016,0.000,-0.008,-0.397,0.003,-0.397
6.240,-0.552,0.411,-2.276,-2.204,1.414,-1.102,0.018,0.000,-0.009,-0.444,0.004,-0.444
6.260,-0.596,0.437,-2.298,-2.177,1.333,-1.088,0.020,0.000,-0.010,-0.495,0.005,-0.495
6.280,-0.639,0.462,-2.319,-2.147,1.246,-1.074,0.022,0.000,-0.011,-0.550,0.006,-0.550
6.300,-0.681,0.485,-2.340,-2.116,1.155,-1.058,0.024,0.000,-0.012,-0.608,0.007,-0.608
6.320,-0.723,0.507,-2.361,-2.082,1.059,-1.041,0.027,0.000,-0.013,-0.671,0.009,-0.671
6.340,-0.764,0.526,-2.382,-2.047,0.959,-1.023,0.030,0.000,-0.015,-0.739,0.011,-0.739
6.360,-0.804,0.543,-2.402,-2.009,0.856,-1.004,0.032,0.000,-0.016,-0.811,0.013,-0.811
6.380,-0.843,0.558,-2.422,-1.969,0.748,-0.985,0.036,0.000,-0.018,-0.888,0.016,-0.888
6.400,-0.882,0.571,-2.441,-1.928,0.638,-0.964,0.039,0.000,-0.019,-0.970,0.019,-0.970
6.420,-0.919,0.581,-2.460,-1.884,0.526,-0.942,0.042,0.000,-0.021,-1.056,0.022,-1.056
6.440,-0.956,0.589,-2.478,-1.839,0.411,-0.919,0.046,0.001,-0.023,-1.145,0.026,-1.145
6.460,-0.992,0.595,-2.496,-1.792,0.295,-0.896,0.050,0.001,-0.025,-1.237,0.031,-1.237
6.480,-1.027,0.599,-2.513,-1.743,0.177,-0.871,0.053,0.001,-0.027,-1.330,0.035,-1.330
6.500,-1.061,0.600,-2.530,-1.692,0.059,-0.846,0.057,0.001,-0.028,-1.421,0.040,-1.421
6.520,-1.093,0.599,-2.547,-1.640,-0.059,-0.820,0.060,0.001,-0.030,-1.507,0.045,-1.507
6.540,-1.125,0.595,-2.563,-1.586,-0.177,-0.793,0.063,0.001,-0.032,-1.585,0.050,-1.585
6.560,-1.156,0.589,-2.578,-1.530,-0.295,-0.765,0.066,0.001,-0.033,-1.653,0.055,-1.653
6.580,-1.185,0.581,-2.593,-1.473,-0.411,-0.737,0.068,0.001,-0.034,-1.705,0.058,-1.705
6.600,-1.214,0.571,-2.607,-1.415,-0.526,-0.707,0.070,0.001,-0.035,-1.741,0.061,-1.741
6.620,-1.241,0.558,-2.620,-1.355,-0.638,-0.677,0.070,0.001,-0.035,-1.758,0.062,-1.758
6.640,-1.266,0.543,-2.633,-1.294,-0.748,-0.647,0.070,0.001,-0.035,-1.756,0.062,-1.756
6.660,-1.291,0.526,-2.646,-1.231,-0.856,-0.616,0.069,0.001,-0.035,-1.736,0.060,-1.736
6.680,-1.314,0.507,-2.657,-1.167,-0.959,-0.584,0.068,0.001,-0.034,-1.699,0.058,-1.699
6.700,-1.337,0.485,-2.668,-1.102,-1.059,-0.551,0.066,0.001,-0.033,-1.650,0.054,-1.650
6.720,-1.357,0.462,-2.679,-1.037,-1.155,-0.518,0.064,0.001,-0.032,-1.590,0.051,-1.590
6.740,-1.377,0.437,-2.688,-0.970,-1.246,-0.485,0.061,0.001,-0.031,-1.525,0.047,-1.525
6.760,-1.395,0.411,-2.697,-0.902,-1.333,-0.451,0.058,0.001,-0.029,-1.457,0.042,-1.457
6.780,-1.411,0.382,-2.706,-0.833,-1.414,-0.416,0.056,0.001,-0.028,-1.388,0.039,-1.388
6.800,-1.427,0.353,-2.713,-0.763,-1.489,-0.382,0.053,0.001,-0.026,-1.322,0.035,-1.322
6.820,-1.440,0.321,-2.720,-0.693,-1.559,-0.346,0.050,0.001,-0.025,-1.259,0.032,-1.259
6.840,-1.453,0.289,-2.726,-0.622,-1.622,-0.311,0.048,0.001,-0.024,-1.202,0.029,-1.202
6.860,-1.464,0.255,-2.732,-0.550,-1.679,-0.275,0.046,0.001,-0.023,-1.151,0.027,-1.151
6.880,-1.473,0.221,-2.737,-0.478,-1.730,-0.239,0.044,0.000,-0.022,-1.106,0.024,-1.106
6.900,-1.482,0.185,-2.741,-0.405,-1.773,-0.203,0.043,0.000,-0.021,-1.068,0.023,-1.068
6.920,-1.488,0.149,-2.744,-0.332,-1.810,-0.166,0.041,0.000,-0.021,-1.037,0.022,-1.037
6.940,-1.493,0.112,-2.747,-0.259,-1.839,-0.129,0.041,0.000,-0.020,-1.013,0.021,-1.013
6.960,-1.497,0.075,-2.749,-0.185,-1.861,-0.092,0.040,0.000,-0.020,-0.996,0.020,-0.996
6.980,-1.499,0.038,-2.750,-0.111,-1.876,-0.055,0.039,0.000,-0.020,-0.985,0.019,-0.985
7.000,-1.500,0.000,-2.750,-0.037,-1.884,-0.019,0.039,0.000,-0.020,-0.982,0.019,-0.982
7.020,-1.499,-0.038,-2.750,0.037,-1.884,0.019,0.039,0.000,-0.020,-0.985,0.019,-0.985
7.040,-1.497,-0.075,-2.749,0.111,-1.876,0.055,0.040,0.000,-0.020,-0.996,0.020,-0.996
7.060,-1.493,-0.112,-2.747,0.185,-1.861,0.092,0.041,0.000,-0.020,-1.013,0.021,-1.013
7.080,-1.488,-0.149,-2.744,0.259,-1.839,0.129,0.041,0.000,-0.021,-1.037,0.022,-1.037
7.100,-1.482,-0.185,-2.741,0.332,-1.810,0.166,0.043,0.000,-0.021,-1.068,0.023,-1.068
7.120,-1.473,-0.221,-2.737,0.405,-1.773,0.203,0.044,0.000,-0.022,-1.106,0.024,-1.106
7.140,-1.464,-0.255,-2.732,0.478,-1.730,0.239,0.046,0.001,-0.023,-1.151,0.027,-1.151
7.160,-1.453,-0.289,-2.726,0.550,-1.679,0.275,0.048,0.001,-0.024,-1.202,0.029,-1.202
7.180,-1.440,-0.321,-2.720,0.622,-1.622,0.311,0.050,0.001,-0.025,-1.259,0.032,-1.259
7.200,-1.427,-0.353,-2.713,0.693,-1.559,0.346,0.053,0.001,-0.026,-1.322,0.035,-1.322
7.220,-1.411,-0.382,-2.706,0.763,-1.489,0.382,0.056,0.001,-0.028,-1.388,0.039,-1.388
7.240,-1.395,-0.411,-2.697,0.833,-1.414,0.416,0.058,0.001,-0.029,-1.457,0.042,-1.457
7.260,-1.377,-0.437,-2.688,0.902,-1.333,0.451,0.061,0.001,-0.031,-1.525,0.047,-1.525
7.280,-1.357,-0.462,-2.679,0.970,-1.246,0.485,0.064,0.001,-0.032,-1.590,0.051,-1.590
7.300,-1.337,-0.485,-2.668,1.037,-1.155,0.518,0.066,0.001,-0.033,-1.650,0.054,-1.650
7.320,-1.314,-0.507,-2.657,1.102,-1.059,0.551,0.068,0.001,-0.034,-1.699,0.058,-1.699
7.340,-1.291,-0.526,-2.646,1.167,-0.959,0.584,0.069,0.001,-0.035,-1.736,0.060,-1.736
7.360,-1.266,-0.543,-2.633,1.231,-0.856,0.616,0.070,0.001,-0.035,-1.756,0.062,-1.756
7.380,-1.241,-0.558,-2.620,1.294,-0.748,0.647,0.070,0.001,-0.035,-1.758,0.062,-1.758
7.400,-1.214,-0.571,-2.607,1.355,-0.638,0.677,0.070,0.001,-0.035,-1.741,0.061,-1.741
7.420,-1.185,-0.581,-2.593,1.415,-0.526,0.707,0.068,0.001,-0.034,-1.705,0.058,-1.705
7.440,-1.156,-0.589,-2.578,1.473,-0.411,0.737,0.066,0.001,-0.033,-1.653,0.055,-1.653
7.460,-1.125,-0.595,-2.563,1.530,-0.295,0.765,0.063,0.001,-0.032,-1.585,0.050,-1.585
7.480,-1.093,-0.599,-2.547,1.586,-0.177,0.793,0.060,0.001,-0.030,-1.507,0.045,-1.507
7.500,-1.061,-0.600,-2.530,1.640,-0.059,0.820,0.057,0.001,-0.028,-1.421,0.040,-1.421
7.520,-1.027,-0.599,-2.513,1.692,0.059,0.846,0.053,0.001,-0.027,-1.330,0.035,-1.330
7.540,-0.992,-0.595,-2.496,1.743,0.177,0.871,0.050,0.001,-0.025,-1.237,0.031,-1.237
7.560,-0.956,-0.589,-2.478,1.792,0.295,0.896,0.046,0.001,-0.023,-1.145,0.026,-1.145
7.580,-0.919,-0.581,-2.460,1.839,0.411,0.919,0.042,0.000,-0.021,-1.056,0.022,-1.056
7.600,-0.882,-0.571,-2.441,1.884,0.526,0.942,0.039,0.000,-0.019,-0.970,0.019,-0.970
7.620,-0.843,-0.558,-2.422,1.928,0.638,0.964,0.036,0.000,-0.018,-0.888,0.016,-0.888
7.640,-0.804,-0.543,-2.402,1.969,0.748,0.985,0.032,0.000,-0.016,-0.811,0.013,-0.811
7.660,-0.764,-0.526,-2.382,2.009,0.856,1.004,0.030,0.000,-0.015,-0.739,0.011,-0.739
7.680,-0.723,-0.507,-2.361,2.047,0.959,1.023,0.027,0.000,-0.013,-0.671,0.009,-0.671
7.700,-0.681,-0.485,-2.340,2.082,1.059,1.041,0.024,0.000,-0.012,-0.608,0.007,-0.608
7.720,-0.639,-0.462,-2.319,2.116,1.155,1.058,0.022,0.000,-0.011,-0.550,0.006,-0.550
7.740,-0.596,-0.437,-2.298,2.147,1.246,1.074,0.020,0.000,-0.010,-0.495,0.005,-0.495
7.760,-0.552,-0.411,-2.276,2.177,1.333,1.088,0.018,0.000,-0.009,-0.444,0.004,-0.444
7.780,-0.508,-0.382,-2.254,2.204,1.414,1.102,0.016,0.000,-0.008,-0.397,0.003,-0.397
7.800,-0.464,-0.353,-2.232,2.229,1.489,1.115,0.014,0.000,-0.007,-0.352,0.002,-0.352
7.820,-0.418,-0.321,-2.209,2.252,1.559,1.126,0.012,0.000,-0.006,-0.310,0.002,-0.310
7.840,-0.373,-0.289,-2.187,2.273,1.622,1.136,0.011,0.000,-0.005,-0.270,0.001,-0.270
7.860,-0.327,-0.255,-2.164,2.291,1.679,1.145,0.009,0.000,-0.005,-0.232,0.001,-0.232
7.880,-0.281,-0.221,-2.141,2.307,1.730,1.154,0.008,0.000,-0.004,-0.196,0.001,-0.196
7.900,-0.235,-0.185,-2.117,2.321,1.773,1.161,0.006,0.000,-0.003,-0.161,0.001,-0.161
7.920,-0.188,-0.149,-2.094,2.333,1.810,1.166,0.005,0.000,-0.003,-0.128,0.000,-0.128
7.940,-0.141,-0.112,-2.071,2.342,1.839,1.171,0.004,0.000,-0.002,-0.095,0.000,-0.095
7.960,-0.094,-0.075,-2.047,2.349,1.861,1.174,0.003,0.000,-0.001,-0.063,0.000,-0.063
7.980,-0.047,-0.038,-2.024,2.353,1.876,1.177,0.001,0.000,-0.001,-0.031,0.000,-0.031
8.000,-0.000,-0.000,-2.000,2.356,1.884,1.178,0.000,0.000,-0.000,-0.000,0.000,-0.000
8.020,0.047,0.038,-1.976,2.356,1.884,1.178,-0.001,0.000,0.001,0.031,0.000,0.031
8.040,0.094,0.075,-1.953,2.353,1.876,1.177,-0.003,0.000,0.001,0.063,0.000,0.063
8.060,0.141,0.112,-1.929,2.349,1.861,1.174,-0.004,0.000,0.002,0.095,0.000,0.095
8.080,0.188,0.149,-1.906,2.342,1.839,1.171,-0.005,0.000,0.003,0.128,0.000,0.128
8.100,0.235,0.185,-1.883,2.333,1.810,1.166,-0.006,0.000,0.003,0.161,0.001,0.161
8.120,0.281,0.221,-1.859,2.321,1.773,1.161,-0.008,0.000,0.004,0.196,0.001,0.196
8.140,0.327,0.255,-1.836,2.307,1.730,1.154,-0.009,0.000,0.005,0.232,0.001,0.232
8.160,0.373,0.289,-1.813,2.291,1.679,1.145,-0.011,0.000,0.005,0.270,0.001,0.270
8.180,0.418,0.321,-1.791,2.273,1.622,1.136,-0.012,0.000,0.006,0.310,0.002,0.310
8.200,0.464,0.353,-1.768,2.252,1.559,1.126,-0.014,0.000,0.007,0.352,0.002,0.352
8.220,0.508,0.382,-1.746,2.229,1.489,1.115,-0.016,0.000,0.008,0.397,0.003,0.397
8.240,0.552,0.411,-1.724,2.204,1.414,1.102,-0.018,0.000,0.009,0.444,0.004,0.444
8.260,0.596,0.437,-1.702,2.177,1.333,1.088,-0.020,0.000,0.010,0.495,0.005,0.495
8.280,0.639,0.462,-1.681,2.147,1.246,1.074,-0.022,0.000,0.011,0.550,0.006,0.550
8.300,0.681,0.485,-1.660,2.116,1.155,1.058,-0.024,0.000,0.012,0.608,0.007,0.608
8.320,0.723,0.507,-1.639,2.082,1.059,1.041,-0.027,0.000,0.013,0.671,0.009,0.671
8.340,0.764,0.526,-1.618,2.047,0.959,1.023,-0.030,0.000,0.015,0.739,0.011,0.739
8.360,0.804,0.543,-1.598,2.009,0.856,1.004,-0.032,0.000,0.016,0.811,0.013,0.811
8.380,0.843,0.558,-1.578,1.969,0.748,0.985,-0.036,0.000,0.018,0.888,0.016,0.888
8.400,0.882,0.571,-1.559,1.928,0.638,0.964,-0.039,0.000,0.019,0.970,0.019,0.970
8.420,0.919,0.581,-1.540,1.884,0.526,0.942,-0.042,0.000,0.021,1.056,0.022,1.056
8.440,0.956,0.589,-1.522,1.839,0.411,0.919,-0.046,0.001,0.023,1.145,0.026,1.145
8.460,0.992,0.595,-1.504,1.792,0.295,0.896,-0.050,0.001,0.025,1.237,0.031,1.237
8.480,1.027,0.599,-1.487,1.743,0.177,0.871,-0.053,0.001,0.027,1.330,0.035,1.330
8.500,1.061,0.600,-1.470,1.692,0.059,0.846,-0.057,0.001,0.028,1.421,0.040,1.421
8.520,1.093,0.599,-1.453,1.640,-0.059,0.820,-0.060,0.001,0.030,1.507,0.045,1.507
8.540,1.125,0.595,-1.437,1.586,-0.177,0.793,-0.063,0.001,0.032,1.585,0.050,1.585
8.560,1.156,0.589,-1.422,1.530,-0.295,0.765,-0.066,0.001,0.033,1.653,0.055,1.653
8.580,1.185,0.581,-1.407,1.473,-0.411,0.737,-0.068,0.001,0.034,1.705,0.058,1.705
8.600,1.214,0.571,-1.393,1.415,-0.526,0.707,-0.070,0.001,0.035,1.741,0.061,1.741
8.620,1.241,0.558,-1.380,1.355,-0.638,0.677,-0.070,0.001,0.035,1.758,0.062,1.758
8.640,1.266,0.543,-1.367,1.294,-0.748,0.647,-0.070,0.001,0.035,1.756,0.062,1.756
8.660,1.291,0.526,-1.354,1.231,-0.856,0.616,-0.069,0.001,0.035,1.736,0.060,1.736
8.680,1.314,0.507,-1.343,1.167,-0.959,0.584,-0.068,0.001,0.034,1.699,0.058,1.699
8.700,1.337,0.485,-1.332,1.102,-1.059,0.551,-0.066,0.001,0.033,1.650,0.054,1.650
8.720,1.357,0.462,-1.321,1.037,-1.155,0.518,-0.064,0.001,0.032,1.590,0.051,1.590
8.740,1.377,0.437,-1.312,0.970,-1.246,0.485,-0.061,0.001,0.031,1.525,0.047,1.525
8.760,1.395,0.411,-1.303,0.902,-1.333,0.451,-0.058,0.001,0.029,1.457,0.042,1.457
8.780,1.411,0.382,-1.294,0.833,-1.414,0.416,-0.056,0.001,0.028,1.388,0.039,1.388
8.800,1.427,0.353,-1.287,0.763,-1.489,0.382,-0.053,0.001,0.026,1.322,0.035,1.322
8.820,1.440,0.321,-1.280,0.693,-1.559,0.346,-0.050,0.001,0.025,1.259,0.032,1.259
8.840,1.453,0.289,-1.274,0.622,-1.622,0.311,-0.048,0.001,0.024,1.202,0.029,1.202
8.860,1.464,0.255,-1.268,0.550,-1.679,0.275,-0.046,0.001,0.023,1.151,0.027,1.151
8.880,1.473,0.221,-1.263,0.478,-1.730,0.239,-0.044,0.000,0.022,1.106,0.024,1.106
8.900,1.482,0.185,-1.259,0.405,-1.773,0.203,-0.043,0.000,0.021,1.068,0.023,1.068
8.920,1.488,0.149,-1.256,0.332,-1.810,0.166,-0.041,0.000,0.021,1.037,0.022,1.037
8.940,1.493,0.112,-1.253,0.259,-1.839,0.129,-0.041,0.000,0.020,1.013,0.021,1.013
8.960,1.497,0.075,-1.251,0.185,-1.861,0.092,-0.040,0.000,0.020,0.996,0.020,0.996
8.980,1.499,0.038,-1.250,0.111,-1.876,0.055,-0.039,0.000,0.020,0.985,0.019,0.985
9.000,1.500,0.000,-1.250,0.037,-1.884,0.019,-0.039,0.000,0.020,0.982,0.019,0.982
9.020,1.499,-0.038,-1.250,-0.037,-1.884,-0.019,-0.039,0.000,0.020,0.985,0.019,0.985
9.040,1.497,-0.075,-1.251,-0.111,-1.876,-0.055,-0.040,0.000,0.020,0.996,0.020,0.996
9.060,1.493,-0.112,-1.253,-0.185,-1.861,-0.092,-0.041,0.000,0.020,1.013,0.021,1.013
9.080,1.488,-0.149,-1.256,-0.259,-1.839,-0.129,-0.041,0.000,0.021,1.037,0.022,1.037
9.100,1.482,-0.185,-1.259,-0.332,-1.810,-0.166,-0.043,0.000,0.021,1.068,0.023,1.068
9.120,1.473,-0.221,-1.263,-0.405,-1.773,-0.203,-0.044,0.000,0.022,1.106,0.024,1.106
9.140,1.464,-0.255,-1.268,-0.478,-1.730,-0.239,-0.046,0.001,0.023,1.151,0.027,1.151
9.160,1.453,-0.289,-1.274,-0.550,-1.679,-0.275,-0.048,0.001,0.024,1.202,0.029,1.202
9.180,1.440,-0.321,-1.280,-0.622,-1.622,-0.311,-0.050,0.001,0.025,1.259,0.032,1.259
9.200,1.427,-0.353,-1.287,-0.693,-1.559,-0.346,-0.053,0.001,0.026,1.322,0.035,1.322
9.220,1.411,-0.382,-1.294,-0.763,-1.489,-0.382,-0.056,0.001,0.028,1.388,0.039,1.388
9.240,1.395,-0.411,-1.303,-0.833,-1.414,-0.416,-0.058,0.001,0.029,1.457,0.042,1.457
9.260,1.377,-0.437,-1.312,-0.902,-1.333,-0.451,-0.061,0.001,0.031,1.525,0.047,1.525
9.280,1.357,-0.462,-1.321,-0.970,-1.246,-0.485,-0.064,0.001,0.032,1.590,0.051,1.590
9.300,1.337,-0.485,-1.332,-1.037,-1.155,-0.518,-0.066,0.001,0.033,1.650,0.054,1.650
9.320,1.314,-0.507,-1.343,-1.102,-1.059,-0.551,-0.068,0.001,0.034,1.699,0.058,1.699
9.340,1.291,-0.526,-1.354,-1.167,-0.959,-0.584,-0.069,0.001,0.035,1.736,0.060,1.736
9.360,1.266,-0.543,-1.367,-1.231,-0.856,-0.616,-0.070,0.001,0.035,1.756,0.062,1.756
9.380,1.241,-0.558,-1.380,-1.294,-0.748,-0.647,-0.070,0.001,0.035,1.758,0.062,1.758
9.400,1.214,-0.571,-1.393,-1.355,-0.638,-0.677,-0.070,0.001,0.035,1.741,0.061,1.741
9.420,1.185,-0.581,-1.407,-1.415,-0.526,-0.707,-0.068,0.001,0.034,1.705,0.058,1.705
9.440,1.156,-0.589,-1.422,-1.473,-0.411,-0.737,-0.066,0.001,0.033,1.653,0.055,1.653
9.460,1.125,-0.595,-1.437,-1.530,-0.295,-0.765,-0.063,0.001,0.032,1.585,0.050,1.585
9.480,1.093,-0.599,-1.453,-1.586,-0.177,-0.793,-0.060,0.001,0.030,1.507,0.045,1.507
9.500,1.061,-0.600,-1.470,-1.640,-0.059,-0.820,-0.057,0.001,0.028,1.421,0.040,1.421
9.520,1.027,-0.599,-1.487,-1.692,0.059,-0.846,-0.053,0.001,0.027,1.330,0.035,1.330
9.540,0.992,-0.595,-1.504,-1.743,0.177,-0.871,-0.050,0.001,0.025,1.237,0.031,1.237
9.560,0.956,-0.589,-1.522,-1.792,0.295,-0.896,-0.046,0.001,0.023,1.145,0.026,1.145
9.580,0.919,-0.581,-1.540,-1.839,0.411,-0.919,-0.042,0.000,0.021,1.056,0.022,1.056
9.600,0.882,-0.571,-1.559,-1.884,0.526,-0.942,-0.039,0.000,0.019,0.970,0.019,0.970
9.620,0.843,-0.558,-1.578,-1.928,0.638,-0.964,-0.036,0.000,0.018,0.888,0.016,0.888
9.640,0.804,-0.543,-1.598,-1.969,0.748,-0.985,-0.032,0.000,0.016,0.811,0.013,0.811
9.660,0.764,-0.526,-1.618,-2.009,0.856,-1.004,-0.030,0.000,0.015,0.739,0.011,0.739
9.680,0.723,-0.507,-1.639,-2.047,0.959,-1.023,-0.027,0.000,0.013,0.671,0.009,0.671
9.700,0.681,-0.485,-1.660,-2.082,1.059,-1.041,-0.024,0.000,0.012,0.608,0.007,0.608
9.720,0.639,-0.462,-1.681,-2.116,1.155,-1.058,-0.022,0.000,0.011,0.550,0.006,0.550
9.740,0.596,-0.437,-1.702,-2.147,1.246,-1.074,-0.020,0.000,0.010,0.495,0.005,0.495
9.760,0.552,-0.411,-1.724,-2.177,1.333,-1.088,-0.018,0.000,0.009,0.444,0.004,0.444
9.780,0.508,-0.382,-1.746,-2.204,1.414,-1.102,-0.016,0.000,0.008,0.397,0.003,0.397
9.800,0.464,-0.353,-1.768,-2.229,1.489,-1.115,-0.014,0.000,0.007,0.352,0.002,0.352
9.820,0.418,-0.321,-1.791,-2.252,1.559,-1.126,-0.012,0.000,0.006,0.310,0.002,0.310
9.840,0.373,-0.289,-1.813,-2.273,1.622,-1.136,-0.011,0.000,0.005,0.270,0.001,0.270
9.860,0.327,-0.255,-1.836,-2.291,1.679,-1.145,-0.009,0.000,0.005,0.232,0.001,0.232
9.880,0.281,-0.221,-1.859,-2.307,1.730,-1.154,-0.008,0.000,0.004,0.196,0.001,0.196
9.900,0.235,-0.185,-1.883,-2.321,1.773,-1.161,-0.006,0.000,0.003,0.161,0.001,0.161
9.920,0.188,-0.149,-1.906,-2.333,1.810,-1.166,-0.005,0.000,0.003,0.128,0.000,0.128
9.940,0.141,-0.112,-1.929,-2.342,1.839,-1.171,-0.004,0.000,0.002,0.095,0.000,0.095
9.960,0.094,-0.075,-1.953,-2.349,1.861,-1.174,-0.003,0.000,0.001,0.063,0.000,0.063
9.980,0.047,-0.038,-1.976,-2.353,1.876,-1.177,-0.001,0.000,0.001,0.031,0.000,0.031
10.000,0.000,-0.000,-2.000,-2.356,1.884,-1.178,-0.000,-0.000,0.000,0.000,-0.000,0.000
10.020,-0.047,0.038,-2.024,-2.356,1.884,-1.178,0.001,0.000,-0.001,-0.031,0.000,-0.031
10.040,-0.094,0.075,-2.047,-2.353,1.876,-1.177,0.003,0.000,-0.001,-0.063,0.000,-0.063
10.060,-0.141,0.112,-2.071,-2.349,1.861,-1.174,0.004,0.000,-0.002,-0.095,0.000,-0.095
10.080,-0.188,0.149,-2.094,-2.342,1.839,-1.171,0.005,0.000,-0.003,-0.128,0.000,-0.128
10.100,-0.235,0.185,-2.117,-2.333,1.810,-1.166,0.006,0.000,-0.003,-0.161,0.001,-0.161
10.120,-0.281,0.221,-2.141,-2.321,1.773,-1.161,0.008,0.000,-0.004,-0.196,0.001,-0.196
10.140,-0.327,0.255,-2.164,-2.307,1.730,-1.154,0.009,0.000,-0.005,-0.232,0.001,-0.232
10.160,-0.373,0.289,-2.187,-2.291,1.679,-1.145,0.011,0.000,-0.005,-0.270,0.001,-0.270
10.180,-0.418,0.321,-2.209,-2.273,1.622,-1.136,0.012,0.000,-0.006,-0.310,0.002,-0.310
10.200,-0.464,0.353,-2.232,-2.252,1.559,-1.126,0.014,0.000,-0.007,-0.352,0.002,-0.352
10.220,-0.508,0.382,-2.254,-2.229,1.489,-1.115,0.016,0.000,-0.008,-0.397,0.003,-0.397
10.240,-0.552,0.411,-2.276,-2.204,1.414,-1.102,0.018,0.000,-0.009,-0.444,0.004,-0.444
10.260,-0.596,0.437,-2.298,-2.177,1.333,-1.088,0.020,0.000,-0.010,-0.495,0.005,-0.495
10.280,-0.639,0.462,-2.319,-2.147,1.246,-1.074,0.022,0.000,-0.011,-0.550,0.006,-0.550
10.300,-0.681,0.485,-2.340,-2.116,1.155,-1.058,0.024,0.000,-0.012,-0.608,0.007,-0.608
10.320,-0.723,0.507,-2.361,-2.082,1.059,-1.041,0.027,0.000,-0.013,-0.671,0.009,-0.671
10.340,-0.764,0.526,-2.382,-2.047,0.959,-1.023,0.030,0.000,-0.015,-0.739,0.011,-0.739
10.360,-0.804,0.543,-2.402,-2.009,0.856,-1.004,0.032,0.000,-0.016,-0.811,0.013,-0.811
10.380,-0.843,0.558,-2.422,-1.969,0.748,-0.985,0.036,0.000,-0.018,-0.888,0.016,-0.888
10.400,-0.882,0.571,-2.441,-1.928,0.638,-0.964,0.039,0.000,-0.019,-0.970,0.019,-0.970
10.420,-0.919,0.581,-2.460,-1.884,0.526,-0.942,0.042,0.000,-0.021,-1.056,0.022,-1.056
10.440,-0.956,0.589,-2.478,-1.839,0.411,-0.919,0.046,0.001,-0.023,-1.145,0.026,-1.145
10.460,-0.992,0.595,-2.496,-1.792,0.295,-0.896,0.050,0.001,-0.025,-1.237,0.031,-1.237
10.480,-1.027,0.599,-2.513,-1.743,0.177,-0.871,0.053,0.001,-0.027,-1.330,0.035,-1.330
10.500,-1.061,0.600,-2.530,-1.692,0.059,-0.846,0.057,0.001,-0.028,-1.421,0.040,-1.421
10.520,-1.093,0.599,-2.547,-1.640,-0.059,-0.820,0.060,0.001,-0.030,-1.507,0.045,-1.507
10.540,-1.125,0.595,-2.563,-1.586,-0.177,-0.793,0.063,0.001,-0.032,-1.585,0.050,-1.585
10.560,-1.156,0.589,-2.578,-1.530,-0.295,-0.765,0.066,0.001,-0.033,-1.653,0.055,-1.653
10.580,-1.185,0.581,-2.593,-1.473,-0.411,-0.737,0.068,0.001,-0.034,-1.705,0.058,-1.705
10.600,-1.214,0.571,-2.607,-1.415,-0.526,-0.707,0.070,0.001,-0.035,-1.741,0.061,-1.741
10.620,-1.241,0.558,-2.620,-1.355,-0.638,-0.677,0.070,0.001,-0.035,-1.758,0.062,-1.758
10.640,-1.266,0.543,-2.633,-1.294,-0.748,-0.647,0.070,0.001,-0.035,-1.756,0.062,-1.756
10.660,-1.291,0.526,-2.646,-1.231,-0.856,-0.616,0.069,0.001,-0.035,-1.736,0.060,-1.736
10.680,-1.314,0.507,-2.657,-1.167,-0.959,-0.584,0.068,0.001,-0.034,-1.699,0.058,-1.699
10.700,-1.337,0.485,-2.668,-1.102,-1.059,-0.551,0.066,0.001,-0.033,-1.650,0.054,-1.650
10.720,-1.357,0.462,-2.679,-1.037,-1.155,-0.518,0.064,0.001,-0.032,-1.590,0.051,-1.590
10.740,-1.377,0.437,-2.688,-0.970,-1.246,-0.485,0.061,0.001,-0.031,-1.525,0.047,-1.525
10.760,-1.395,0.411,-2.697,-0.902,-1.333,-0.451,0.058,0.001,-0.029,-1.457,0.042,-1.457
10.780,-1.411,0.382,-2.706,-0.833,-1.414,-0.416,0.056,0.001,-0.028,-1.388,0.039,-1.388
10.800,-1.427,0.353,-2.713,-0.763,-1.489,-0.382,0.053,0.001,-0.026,-1.322,0.035,-1.322
10.820,-1.440,0.321,-2.720,-0.693,-1.559,-0.346,0.050,0.001,-0.025,-1.259,0.032,-1.259
10.840,-1.453,0.289,-2.726,-0.622,-1.622,-0.311,0.048,0.001,-0.024,-1.202,0.029,-1.202
10.860,-1.464,0.255,-2.732,-0.550,-1.679,-0.275,0.046,0.001,-0.023,-1.151,0.027,-1.151
10.880,-1.473,0.221,-2.737,-0.478,-1.730,-0.239,0.044,0.000,-0.022,-1.106,0.024,-1.106
10.900,-1.482,0.185,-2.741,-0.405,-1.773,-0.203,0.043,0.000,-0.021,-1.068,0.023,-1.068
10.920,-1.488,0.149,-2.744,-0.332,-1.810,-0.166,0.041,0.000,-0.021,-1.037,0.022,-1.037
10.940,-1.493,0.112,-2.747,-0.259,-1.839,-0.129,0.041,0.000,-0.020,-1.013,0.021,-1.013
10.960,-1.497,0.075,-2.749,-0.185,-1.861,-0.092,0.040,0.000,-0.020,-0.996,0.020,-0.996
10.980,-1.499,0.038,-2.750,-0.111,-1.876,-0.055,0.039,0.000,-0.020,-0.985,0.019,-0.985
11.000,-1.500,0.000,-2.750,-0.037,-1.884,-0.019,0.039,0.000,-0.020,-0.982,0.019,-0.982
11.020,-1.499,-0.038,-2.750,0.037,-1.884,0.019,0.039,0.000,-0.020,-0.985,0.019,-0.985
11.040,-1.497,-0.075,-2.749,0.111,-1.876,0.055,0.040,0.000,-0.020,-0.996,0.020,-0.996
11.060,-1.493,-0.112,-2.747,0.185,-1.861,0.092,0.041,0.000,-0.020,-1.013,0.021,-1.013
11.080,-1.488,-0.149,-2.744,0.259,-1.839,0.129,0.041,0.000,-0.021,-1.037,0.022,-1.037
11.100,-1.482,-0.185,-2.741,0.332,-1.810,0.166,0.043,0.000,-0.021,-1.068,0.023,-1.068
11.120,-1.473,-0.221,-2.737,0.405,-1.773,0.203,0.044,0.000,-0.022,-1.106,0.024,-1.106
11.140,-1.464,-0.255,-2.732,0.478,-1.730,0.239,0.046,0.001,-0.023,-1.151,0.027,-1.151
11.160,-1.453,-0.289,-2.726,0.550,-1.679,0.275,0.048,0.001,-0.024,-1.202,0.029,-1.202
11.180,-1.440,-0.321,-2.720,0.622,-1.622,0.311,0.050,0.001,-0.025,-1.259,0.032,-1.259
11.200,-1.427,-0.353,-2.713,0.693,-1.559,0.346,0.053,0.001,-0.026,-1.322,0.035,-1.322
11.220,-1.411,-0.382,-2.706,0.763,-1.489,0.382,0.056,0.001,-0.028,-1.388,0.039,-1.388
11.240,-1.395,-0.411,-2.697,0.833,-1.414,0.416,0.058,0.001,-0.029,-1.457,0.042,-1.457
11.260,-1.377,-0.437,-2.688,0.902,-1.333,0.451,0.061,0.001,-0.031,-1.525,0.047,-1.525
11.280,-1.357,-0.462,-2.679,0.970,-1.246,0.485,0.064,0.001,-0.032,-1.590,0.051,-1.590
11.300,-1.337,-0.485,-2.668,1.037,-1.155,0.518,0.066,0.001,-0.033,-1.650,0.054,-1.650
11.320,-1.314,-0.507,-2.657,1.102,-1.059,0.551,0.068,0.001,-0.034,-1.699,0.058,-1.699
11.340,-1.291,-0.526,-2.646,1.167,-0.959,0.584,0.069,0.001,-0.035,-1.736,0.060,-1.736
11.360,-1.266,-0.543,-2.633,1.231,-0.856,0.616,0.070,0.001,-0.035,-1.756,0.062,-1.756
11.380,-1.241,-0.558,-2.620,1.294,-0.748,0.647,0.070,0.001,-0.035,-1.758,0.062,-1.758
11.400,-1.214,-0.571,-2.607,1.355,-0.638,0.677,0.070,0.001,-0.035,-1.741,0.061,-1.741
11.420,-1.185,-0.581,-2.593,1.415,-0.526,0.707,0.068,0.001,-0.034,-1.705,0.058,-1.705
11.440,-1.156,-0.589,-2.578,1.473,-0.411,0.737,0.066,0.001,-0.033,-1.653,0.055,-1.653
11.460,-1.125,-0.595,-2.563,1.530,-0.295,0.765,0.063,0.001,-0.032,-1.585,0.050,-1.585
11.480,-1.093,-0.599,-2.547,1.586,-0.177,0.793,0.060,0.001,-0.030,-1.507,0.045,-1.507
11.500,-1.061,-0.600,-2.530,1.640,-0.059,0.820,0.057,0.001,-0.028,-1.421,0.040,-1.421
11.520,-1.027,-0.599,-2.513,1.692,0.059,0.846,0.053,0.001,-0.027,-1.330,0.035,-1.330
11.540,-0.992,-0.595,-2.496,1.743,0.177,0.871,0.050,0.001,-0.025,-1.237,0.031,-1.237
11.560,-0.956,-0.589,-2.478,1.792,0.295,0.896,0.046,0.001,-0.023,-1.145,0.026,-1.145
11.580,-0.919,-0.581,-2.460,1.839,0.411,0.919,0.042,0.000,-0.021,-1.056,0.022,-1.056
11.600,-0.882,-0.571,-2.441,1.884,0.526,0.942,0.039,0.000,-0.019,-0.970,0.019,-0.970
11.620,-0.843,-0.558,-2.422,1.928,0.638,0.964,0.036,0.000,-0.018,-0.888,0.016,-0.888
11.640,-0.804,-0.543,-2.402,1.969,0.748,0.985,0.032,0.000,-0.016,-0.811,0.013,-0.811
11.660,-0.764,-0.526,-2.382,2.009,0.856,1.004,0.030,0.000,-0.015,-0.739,0.011,-0.739
11.680,-0.723,-0.507,-2.361,2.047,0.959,1.023,0.027,0.000,-0.013,-0.671,0.009,-0.671
11.700,-0.681,-0.485,-2.340,2.082,1.059,1.041,0.024,0.000,-0.012,-0.608,0.007,-0.608
11.720,-0.639,-0.462,-2.319,2.116,1.155,1.058,0.022,0.000,-0.011,-0.550,0.006,-0.550
11.740,-0.596,-0.437,-2.298,2.147,1.246,1.074,0.020,0.000,-0.010,-0.495,0.005,-0.495
11.760,-0.552,-0.411,-2.276,2.177,1.333,1.088,0.018,0.000,-0.009,-0.444,0.004,-0.444
11.780,-0.508,-0.382,-2.254,2.204,1.414,1.102,0.016,0.000,-0.008,-0.397,0.003,-0.397
11.800,-0.464,-0.353,-2.232,2.229,1.489,1.115,0.014,0.000,-0.007,-0.352,0.002,-0.352
11.820,-0.418,-0.321,-2.209,2.252,1.559,1.126,0.012,0.000,-0.006,-0.310,0.002,-0.310
11.840,-0.373,-0.289,-2.187,2.273,1.622,1.136,0.011,0.000,-0.005,-0.270,0.001,-0.270
11.860,-0.327,-0.255,-2.164,2.291,1.679,1.145,0.009,0.000,-0.005,-0.232,0.001,-0.232
11.880,-0.281,-0.221,-2.141,2.307,1.730,1.154,0.008,0.000,-0.004,-0.196,0.001,-0.196
11.900,-0.235,-0.185,-2.117,2.321,1.773,1.161,0.006,0.000,-0.003,-0.161,0.001,-0.161
11.920,-0.188,-0.149,-2.094,2.333,1.810,1.166,0.005,0.000,-0.003,-0.128,0.000,-0.128
11.940,-0.141,-0.112,-2.071,2.342,1.839,1.171,0.004,0.000,-0.002,-0.095,0.000,-0.095
11.960,-0.094,-0.075,-2.047,2.349,1.861,1.174,0.003,0.000,-0.001,-0.063,0.000,-0.063
11.980,-0.047,-0.038,-2.024,2.353,1.876,1.177,0.001,0.000,-0.001,-0.031,0.000,-0.031
12.000,-0.000,-0.000,-2.000,2.356,1.884,1.178,0.000,0.000,-0.000,-0.000,0.000,-0.000
